G11 = tf(7.2,[1 20.5 10.03]);

G = G11;
 
N11 = 7.2;

N = {N11};

D11 = [1 20.5 10.03];

D = {D11};